xof 0302txt 0032
Header {
 1;
 0;
 1;
}
template Header {
 <3D82AB43-62DA-11cf-AB39-0020AF71E433>
 WORD major;
 WORD minor;
 DWORD flags;
}

template Vector {
 <3D82AB5E-62DA-11cf-AB39-0020AF71E433>
 FLOAT x;
 FLOAT y;
 FLOAT z;
}

template Coords2d {
 <F6F23F44-7686-11cf-8F52-0040333594A3>
 FLOAT u;
 FLOAT v;
}

template Matrix4x4 {
 <F6F23F45-7686-11cf-8F52-0040333594A3>
 array FLOAT matrix[16];
}

template ColorRGBA {
 <35FF44E0-6C7C-11cf-8F52-0040333594A3>
 FLOAT red;
 FLOAT green;
 FLOAT blue;
 FLOAT alpha;
}

template ColorRGB {
 <D3E16E81-7835-11cf-8F52-0040333594A3>
 FLOAT red;
 FLOAT green;
 FLOAT blue;
}

template TextureFilename {
 <A42790E1-7810-11cf-8F52-0040333594A3>
 STRING filename;
}

template Material {
 <3D82AB4D-62DA-11cf-AB39-0020AF71E433>
 ColorRGBA faceColor;
 FLOAT power;
 ColorRGB specularColor;
 ColorRGB emissiveColor;
 [...]
}

template MeshFace {
 <3D82AB5F-62DA-11cf-AB39-0020AF71E433>
 DWORD nFaceVertexIndices;
 array DWORD faceVertexIndices[nFaceVertexIndices];
}

template MeshTextureCoords {
 <F6F23F40-7686-11cf-8F52-0040333594A3>
 DWORD nTextureCoords;
 array Coords2d textureCoords[nTextureCoords];
}

template MeshMaterialList {
 <F6F23F42-7686-11cf-8F52-0040333594A3>
 DWORD nMaterials;
 DWORD nFaceIndexes;
 array DWORD faceIndexes[nFaceIndexes];
 [Material]
}

template MeshNormals {
 <F6F23F43-7686-11cf-8F52-0040333594A3>
 DWORD nNormals;
 array Vector normals[nNormals];
 DWORD nFaceNormals;
 array MeshFace faceNormals[nFaceNormals];
}

template Mesh {
 <3D82AB44-62DA-11cf-AB39-0020AF71E433>
 DWORD nVertices;
 array Vector vertices[nVertices];
 DWORD nFaces;
 array MeshFace faces[nFaces];
 [...]
}

template FrameTransformMatrix {
 <F6F23F41-7686-11cf-8F52-0040333594A3>
 Matrix4x4 frameMatrix;
}

template Frame {
 <3D82AB46-62DA-11cf-AB39-0020AF71E433>
 [...]
}
template FloatKeys {
 <10DD46A9-775B-11cf-8F52-0040333594A3>
 DWORD nValues;
 array FLOAT values[nValues];
}

template TimedFloatKeys {
 <F406B180-7B3B-11cf-8F52-0040333594A3>
 DWORD time;
 FloatKeys tfkeys;
}

template AnimationKey {
 <10DD46A8-775B-11cf-8F52-0040333594A3>
 DWORD keyType;
 DWORD nKeys;
 array TimedFloatKeys keys[nKeys];
}

template AnimationOptions {
 <E2BF56C0-840F-11cf-8F52-0040333594A3>
 DWORD openclosed;
 DWORD positionquality;
}

template Animation {
 <3D82AB4F-62DA-11cf-AB39-0020AF71E433>
 [...]
}

template AnimationSet {
 <3D82AB50-62DA-11cf-AB39-0020AF71E433>
 [Animation]
}

template XSkinMeshHeader {
 <3cf169ce-ff7c-44ab-93c0-f78f62d172e2>
 WORD nMaxSkinWeightsPerVertex;
 WORD nMaxSkinWeightsPerFace;
 WORD nBones;
}

template VertexDuplicationIndices {
 <b8d65549-d7c9-4995-89cf-53a9a8b031e3>
 DWORD nIndices;
 DWORD nOriginalVertices;
 array DWORD indices[nIndices];
}

template SkinWeights {
 <6f0d123b-bad2-4167-a0d0-80224f25fabb>
 STRING transformNodeName;
 DWORD nWeights;
 array DWORD vertexIndices[nWeights];
 array FLOAT weights[nWeights];
 Matrix4x4 matrixOffset;
}
Frame root {
   FrameTransformMatrix {
1.000000,0.000000,0.000000,0.000000,
0.000000,-0.000000,-1.000000,0.000000,
0.000000,1.000000,-0.000000,0.000000,
0.000000,0.000000,0.000000,1.000000;;
 }
Frame Dragon {
   FrameTransformMatrix {
1.000000,0.000000,0.000000,0.000000,
0.000000,1.000000,-0.000000,0.000000,
0.000000,0.000000,1.000000,0.000000,
0.000000,0.000000,0.000000,1.000000;;
 }
Frame Master {
   FrameTransformMatrix {
1.000000,0.000000,0.000000,0.000000,
0.000000,1.000000,-0.000000,0.000000,
0.000000,0.000000,1.000000,0.000000,
0.000000,0.000000,0.000000,1.000000;;
 }
Frame hipscontrol {
   FrameTransformMatrix {
1.000000,0.000000,0.000000,0.000000,
0.000000,1.000000,-0.000000,0.000000,
0.000000,0.000000,1.000000,0.000000,
0.000000,-2.409471,3.125047,1.000000;;
 }
Frame hipscontrol4 {
   FrameTransformMatrix {
1.000000,0.000000,0.000000,0.000000,
0.000000,1.000000,0.000000,0.000000,
0.000000,0.000000,1.000000,0.000000,
0.000000,2.409471,-3.125047,1.000000;;
 }
Frame hipswiel {
   FrameTransformMatrix {
1.000000,0.000000,0.000000,0.000000,
0.000000,1.000000,-0.000000,0.000000,
0.000000,0.000000,1.000000,0.000000,
0.000000,-2.409471,3.125047,1.000000;;
 }
Frame hipswiel6 {
   FrameTransformMatrix {
1.000000,0.000000,0.000000,0.000000,
0.000000,1.000000,0.000000,0.000000,
0.000000,0.000000,1.000000,0.000000,
0.000000,2.409471,-3.125047,1.000000;;
 }
Frame joint1 {
   FrameTransformMatrix {
-0.000245,1.000000,0.000431,0.000000,
-1.000000,-0.000245,-0.000000,0.000000,
0.000000,-0.000431,1.000000,0.000000,
0.000000,-2.409471,3.125047,1.000000;;
 }
Frame joint2 {
   FrameTransformMatrix {
0.999998,0.001621,0.001004,0.000000,
-0.001621,0.999999,-0.000001,0.000000,
-0.001004,-0.000001,1.000000,0.000000,
1.000000,0.000000,0.000000,1.000000;;
 }
Frame joint3 {
   FrameTransformMatrix {
0.999994,0.003206,0.001356,0.000000,
-0.003206,0.999995,-0.000002,0.000000,
-0.001356,-0.000002,0.999999,0.000000,
1.000000,0.000000,-0.000000,1.000000;;
 }
Frame joint4 {
   FrameTransformMatrix {
0.999981,-0.003851,-0.004890,0.000000,
0.003851,0.999993,-0.000009,0.000000,
0.004890,-0.000010,0.999988,0.000000,
1.000000,0.000000,0.000000,1.000000;;
 }
Frame joint5 {
   FrameTransformMatrix {
0.999983,-0.004939,-0.002983,0.000000,
0.004939,0.999988,-0.000006,0.000000,
0.002983,-0.000009,0.999996,0.000000,
1.000003,-0.000234,-0.000248,1.000000;;
 }
Frame joint6 {
   FrameTransformMatrix {
0.999989,0.001373,0.004527,0.000000,
-0.001373,0.999999,-0.000003,0.000000,
-0.004527,-0.000003,0.999990,0.000000,
1.000000,0.000000,0.000000,1.000000;;
 }
Frame joint7 {
   FrameTransformMatrix {
0.999996,0.001261,0.002486,0.000000,
-0.001261,0.999999,-0.000002,0.000000,
-0.002486,-0.000001,0.999997,0.000000,
1.000000,0.000000,-0.000000,1.000000;;
 }
Frame joint8 {
   FrameTransformMatrix {
0.999999,-0.001120,0.000199,0.000000,
0.001120,0.999999,0.000000,0.000000,
-0.000199,-0.000000,1.000000,0.000000,
1.000000,0.000000,0.000168,1.000000;;
 }
Frame joint9 {
   FrameTransformMatrix {
0.999909,0.013448,-0.001194,0.000000,
-0.013448,0.999910,0.000022,0.000000,
0.001194,-0.000006,0.999999,0.000000,
0.999996,0.001591,0.000000,1.000000;;
 }
Frame joint10 {
   FrameTransformMatrix {
0.999994,0.003274,-0.000860,0.000000,
-0.003274,0.999995,0.000014,0.000000,
0.000860,-0.000011,1.000000,0.000000,
0.999915,-0.011414,0.000000,1.000000;;
 }
Frame joint11 {
   FrameTransformMatrix {
0.999989,0.004697,-0.000328,0.000000,
-0.004697,0.999989,0.000007,0.000000,
0.000328,-0.000006,1.000000,0.000000,
0.999784,-0.014698,-0.000000,1.000000;;
 }
Frame joint12 {
   FrameTransformMatrix {
1.000000,0.000000,0.000105,0.000000,
-0.000000,1.000000,0.000000,0.000000,
-0.000105,-0.000000,1.000000,0.000000,
0.999628,-0.019272,-0.000000,1.000000;;
 }
Frame joint185 {
   FrameTransformMatrix {
0.000000,-1.000000,0.000000,0.000000,
0.999910,0.000000,0.013384,0.000000,
-0.013384,-0.000000,0.999910,0.000000,
1.573377,-0.030334,-0.000000,1.000000;;
 }
 }
 }
 }
 }
 }
 }
Frame joint29 {
   FrameTransformMatrix {
-0.000000,-1.000000,-0.000000,0.000000,
1.000000,-0.000000,0.000000,0.000000,
-0.000000,0.000000,1.000000,0.000000,
-0.332214,-0.432948,0.170207,1.000000;;
 }
Frame joint30 {
   FrameTransformMatrix {
0.001721,-0.793162,-0.609008,0.000000,
0.999998,0.001604,0.000738,0.000000,
0.000391,-0.609008,0.793164,0.000000,
0.755031,0.000000,0.000000,1.000000;;
 }
Frame joint31 {
   FrameTransformMatrix {
-0.245756,0.000000,-0.969332,0.000000,
-0.000000,-1.000000,-0.000000,0.000000,
-0.969332,0.000000,0.245756,0.000000,
2.378175,-0.000000,0.000000,1.000000;;
 }
Frame joint111 {
   FrameTransformMatrix {
-0.011004,-0.999916,-0.006774,0.000000,
0.787738,-0.012841,0.615876,0.000000,
-0.615912,0.001440,0.787814,0.000000,
2.311148,0.000000,-0.268335,1.000000;;
 }
Frame joint32 {
   FrameTransformMatrix {
0.999988,-0.000011,0.004834,0.000000,
0.000011,1.000000,0.000045,0.000000,
-0.004834,-0.000045,0.999988,0.000000,
-0.004703,0.364775,-0.094114,1.000000;;
 }
Frame joint114 {
   FrameTransformMatrix {
1.000000,-0.000000,0.000000,0.000000,
0.000000,1.000000,-0.000000,0.000000,
0.000000,0.000000,1.000000,0.000000,
-0.008362,0.898899,0.002003,1.000000;;
 }
 }
Frame joint33 {
   FrameTransformMatrix {
-0.023572,0.999722,-0.000000,0.000000,
-0.999722,-0.023572,-0.000000,0.000000,
-0.000000,-0.000000,1.000000,0.000000,
0.003382,0.232934,-0.015522,1.000000;;
 }
Frame joint34 {
   FrameTransformMatrix {
1.000000,0.000000,0.000000,0.000000,
-0.000000,1.000000,0.000000,0.000000,
0.000000,0.000000,1.000000,0.000000,
0.234240,0.000000,0.000000,1.000000;;
 }
Frame joint35 {
   FrameTransformMatrix {
-0.000000,-1.000000,0.000000,0.000000,
1.000000,-0.000000,0.000000,0.000000,
0.000000,0.000000,1.000000,0.000000,
0.196739,-0.000000,0.000000,1.000000;;
 }
 }
 }
 }
Frame joint36 {
   FrameTransformMatrix {
0.191781,0.981438,-0.000000,0.000000,
-0.981438,0.191781,0.000000,0.000000,
0.000000,0.000000,1.000000,0.000000,
0.295798,0.140603,-0.015600,1.000000;;
 }
Frame joint3430 {
   FrameTransformMatrix {
1.000000,-0.000000,-0.000000,0.000000,
-0.000000,1.000000,-0.000000,0.000000,
0.000000,0.000000,1.000000,0.000000,
0.161243,0.003799,0.000000,1.000000;;
 }
Frame joint3531 {
   FrameTransformMatrix {
-0.000000,-1.000000,0.000000,0.000000,
1.000000,-0.000000,-0.000000,0.000000,
0.000000,0.000000,1.000000,0.000000,
0.144009,0.000233,-0.000000,1.000000;;
 }
 }
 }
 }
Frame joint37 {
   FrameTransformMatrix {
-0.153315,0.988177,-0.000000,0.000000,
-0.988177,-0.153315,-0.000000,0.000000,
-0.000000,-0.000000,1.000000,0.000000,
-0.250823,0.142080,-0.015600,1.000000;;
 }
Frame joint3433 {
   FrameTransformMatrix {
1.000000,-0.000000,0.000000,0.000000,
0.000000,1.000000,0.000000,0.000000,
0.000000,-0.000000,1.000000,0.000000,
0.161243,0.003799,0.000000,1.000000;;
 }
Frame joint3534 {
   FrameTransformMatrix {
-0.000000,-1.000000,0.000000,0.000000,
1.000000,-0.000000,0.000000,0.000000,
0.000000,-0.000000,1.000000,0.000000,
0.144009,0.000233,0.000000,1.000000;;
 }
 }
 }
 }
 }
Frame joint38 {
   FrameTransformMatrix {
0.001616,0.999999,-0.000085,0.000000,
-0.999979,0.001616,0.006265,0.000000,
0.006265,0.000075,0.999980,0.000000,
-0.369885,0.047988,-0.107398,1.000000;;
 }
Frame joint3436 {
   FrameTransformMatrix {
1.000000,-0.000000,0.000000,0.000000,
-0.000000,1.000000,0.000000,0.000000,
0.000000,0.000000,1.000000,0.000000,
0.161243,0.003799,0.000000,1.000000;;
 }
Frame joint3537 {
   FrameTransformMatrix {
-0.000000,-1.000000,0.000000,0.000000,
1.000000,-0.000000,0.000000,0.000000,
0.000000,0.000000,1.000000,0.000000,
0.144009,0.000233,-0.000000,1.000000;;
 }
 }
 }
 }
 }
 }
 }
 }
Frame joint81 {
   FrameTransformMatrix {
1.000000,-0.000000,0.000000,0.000000,
-0.000000,1.000000,0.000000,0.000000,
-0.000000,0.000000,1.000000,0.000000,
-0.332209,0.432948,0.170208,1.000000;;
 }
Frame joint82 {
   FrameTransformMatrix {
0.001711,0.999998,-0.000964,0.000000,
-0.843097,0.000924,-0.537761,0.000000,
-0.537760,0.001733,0.843096,0.000000,
-0.000000,0.755032,-0.000000,1.000000;;
 }
Frame joint83 {
   FrameTransformMatrix {
-1.000000,0.000320,-0.000028,0.000000,
-0.000052,-0.247643,-0.968852,0.000000,
-0.000317,-0.968851,0.247643,0.000000,
0.000060,2.370408,-0.200713,1.000000;;
 }
Frame joint110 {
   FrameTransformMatrix {
0.772524,0.464663,0.432777,0.000000,
-0.617986,0.706825,0.344227,0.000000,
-0.145948,-0.533374,0.833194,0.000000,
-0.017014,2.328261,-0.072328,1.000000;;
 }
Frame joint84 {
   FrameTransformMatrix {
0.613420,0.768388,0.182472,0.000000,
-0.789757,0.596822,0.141729,0.000000,
-0.000000,-0.231048,0.972942,0.000000,
0.245527,0.288459,-0.030597,1.000000;;
 }
Frame joint115 {
   FrameTransformMatrix {
0.613420,-0.789757,-0.000000,0.000000,
0.768388,0.596822,-0.231048,0.000000,
0.182472,0.141729,0.972942,0.000000,
0.908410,0.000000,-0.000000,1.000000;;
 }
 }
Frame joint85 {
   FrameTransformMatrix {
0.144337,-0.989529,0.000000,0.000000,
0.989529,0.144337,0.000000,0.000000,
0.000000,0.000000,1.000000,0.000000,
0.144460,0.289680,-0.015118,1.000000;;
 }
Frame joint86 {
   FrameTransformMatrix {
0.999759,0.021961,0.000000,0.000000,
-0.021961,0.999759,0.000000,0.000000,
0.000000,0.000000,1.000000,0.000000,
0.000000,0.161279,0.000000,1.000000;;
 }
Frame joint87 {
   FrameTransformMatrix {
0.999999,0.001614,-0.000000,0.000000,
0.001614,-0.999999,-0.000000,0.000000,
-0.000000,0.000000,-1.000000,0.000000,
0.000000,0.144009,0.000000,1.000000;;
 }
 }
 }
 }
Frame joint88 {
   FrameTransformMatrix {
-0.024554,-0.999699,-0.000000,0.000000,
0.999699,-0.024554,-0.000000,0.000000,
-0.000000,-0.000000,1.000000,0.000000,
0.229985,0.006155,-0.015118,1.000000;;
 }
Frame joint89 {
   FrameTransformMatrix {
1.000000,0.000000,0.000000,0.000000,
0.000000,1.000000,0.000000,0.000000,
0.000000,-0.000000,1.000000,0.000000,
0.003253,0.232939,0.008442,1.000000;;
 }
Frame joint90 {
   FrameTransformMatrix {
1.000000,0.000000,-0.000000,0.000000,
0.000000,-1.000000,-0.000000,0.000000,
-0.000000,0.000000,-1.000000,0.000000,
0.000000,0.196740,-0.000000,1.000000;;
 }
 }
 }
 }
Frame joint91 {
   FrameTransformMatrix {
-0.200663,-0.979660,-0.000000,0.000000,
0.979660,-0.200663,-0.000000,0.000000,
-0.000000,-0.000000,1.000000,0.000000,
0.132508,-0.256813,-0.015118,1.000000;;
 }
Frame joint92 {
   FrameTransformMatrix {
0.999759,0.021935,0.000000,0.000000,
-0.021935,0.999759,0.000000,0.000000,
0.000000,-0.000000,1.000000,0.000000,
-0.000000,0.161294,0.000000,1.000000;;
 }
Frame joint93 {
   FrameTransformMatrix {
0.999999,0.001618,-0.000000,0.000000,
0.001618,-0.999999,0.000000,0.000000,
0.000000,-0.000000,-1.000000,0.000000,
0.000000,0.144008,0.000000,1.000000;;
 }
 }
 }
 }
 }
Frame joint94 {
   FrameTransformMatrix {
-0.028681,-0.972542,-0.230953,0.000000,
0.999589,-0.027905,-0.006627,0.000000,
-0.000000,-0.231048,0.972942,0.000000,
0.327069,-0.175717,-0.156365,1.000000;;
 }
Frame joint95 {
   FrameTransformMatrix {
0.999759,0.021944,-0.000000,0.000000,
-0.021944,0.999759,-0.000000,0.000000,
-0.000000,0.000000,1.000000,0.000000,
-0.000000,0.161287,-0.000000,1.000000;;
 }
Frame joint96 {
   FrameTransformMatrix {
0.999999,0.001620,0.000000,0.000000,
0.001620,-0.999999,0.000000,0.000000,
0.000000,-0.000000,-1.000000,0.000000,
0.000000,0.144009,-0.000000,1.000000;;
 }
 }
 }
 }
 }
 }
 }
 }
Frame joint139 {
   FrameTransformMatrix {
0.992335,0.123574,-0.000000,0.000000,
-0.099347,0.797789,0.594696,0.000000,
0.073489,-0.590138,0.803951,0.000000,
-0.367789,0.153254,0.404778,1.000000;;
 }
Frame joint140 {
   FrameTransformMatrix {
0.993271,0.093105,-0.068871,0.000000,
-0.112709,0.913854,-0.390087,0.000000,
0.026619,0.395225,0.918199,0.000000,
0.000000,0.346059,0.000000,1.000000;;
 }
Frame joint141 {
   FrameTransformMatrix {
0.991114,-0.131639,0.019080,0.000000,
0.132628,0.967073,-0.217208,0.000000,
0.010142,0.217808,0.975939,0.000000,
0.000000,1.272457,0.000000,1.000000;;
 }
Frame joint142 {
   FrameTransformMatrix {
0.974978,-0.222302,-0.000000,0.000000,
0.222302,0.974978,0.000000,0.000000,
-0.000000,-0.000000,1.000000,0.000000,
-0.000000,5.757019,0.000000,1.000000;;
 }
Frame joint143 {
   FrameTransformMatrix {
-0.626410,0.779494,0.000000,0.000000,
-0.779494,-0.626410,-0.000000,0.000000,
0.000000,-0.000000,1.000000,0.000000,
0.000000,6.530877,0.000000,1.000000;;
 }
Frame joint144 {
   FrameTransformMatrix {
0.926148,-0.377160,0.000000,0.000000,
0.377068,0.925923,0.022061,0.000000,
-0.008321,-0.020432,0.999757,0.000000,
0.000000,0.409130,-0.000000,1.000000;;
 }
Frame joint145 {
   FrameTransformMatrix {
0.999998,-0.001779,0.000039,0.000000,
0.001779,0.999998,0.000094,0.000000,
-0.000039,-0.000094,1.000000,0.000000,
-0.000023,2.347099,-0.057308,1.000000;;
 }
Frame joint146 {
   FrameTransformMatrix {
-0.000506,-1.000000,-0.000022,0.000000,
-0.998741,0.000507,-0.050162,0.000000,
0.050162,-0.000004,-0.998741,0.000000,
-0.000021,2.518245,-0.052532,1.000000;;
 }
 }
 }
 }
Frame joint147 {
   FrameTransformMatrix {
0.672416,-0.740173,-0.000000,0.000000,
0.739533,0.671834,0.041584,0.000000,
-0.030780,-0.027962,0.999135,0.000000,
0.189162,0.265062,-0.000000,1.000000;;
 }
Frame joint148 {
   FrameTransformMatrix {
0.999998,-0.001816,0.000076,0.000000,
0.001816,0.999998,0.000058,0.000000,
-0.000076,-0.000058,1.000000,0.000000,
0.000053,2.344101,-0.100222,1.000000;;
 }
Frame joint149 {
   FrameTransformMatrix {
-0.000484,-1.000000,-0.000021,0.000000,
-0.999363,0.000485,-0.035685,0.000000,
0.035685,0.000004,-0.999363,0.000000,
0.000054,2.515146,-0.100222,1.000000;;
 }
 }
 }
 }
Frame joint150 {
   FrameTransformMatrix {
0.135494,-0.990778,0.000000,0.000000,
0.989306,0.135293,0.054498,0.000000,
-0.053996,-0.007384,0.998514,0.000000,
0.268618,0.054306,-0.000000,1.000000;;
 }
Frame joint151 {
   FrameTransformMatrix {
0.999998,-0.001777,0.000097,0.000000,
0.001777,0.999998,0.000012,0.000000,
-0.000097,-0.000012,1.000000,0.000000,
0.000182,2.342102,-0.114470,1.000000;;
 }
Frame joint152 {
   FrameTransformMatrix {
-0.000499,-1.000000,-0.000003,0.000000,
-0.999983,0.000499,-0.005869,0.000000,
0.005869,-0.000000,-0.999983,0.000000,
0.000228,2.511519,-0.143087,1.000000;;
 }
 }
 }
 }
Frame joint153 {
   FrameTransformMatrix {
-0.345525,-0.938410,0.000000,0.000000,
0.938410,-0.345525,0.000000,0.000000,
0.000000,0.000000,1.000000,0.000000,
0.164740,-0.219324,0.000000,1.000000;;
 }
Frame joint154 {
   FrameTransformMatrix {
0.999998,-0.001770,-0.000000,0.000000,
0.001770,0.999998,-0.000000,0.000000,
0.000000,0.000000,1.000000,0.000000,
0.000000,2.348540,0.000000,1.000000;;
 }
Frame joint155 {
   FrameTransformMatrix {
-0.000508,-1.000000,0.000000,0.000000,
-1.000000,0.000508,0.000000,0.000000,
-0.000000,-0.000000,-1.000000,0.000000,
0.000000,2.519490,0.000000,1.000000;;
 }
 }
 }
 }
 }
Frame joint156 {
   FrameTransformMatrix {
-0.116456,0.993196,-0.000000,0.000000,
-0.993196,-0.116456,0.000000,0.000000,
-0.000000,0.000000,1.000000,0.000000,
-0.218028,-0.008287,-0.000000,1.000000;;
 }
Frame joint157 {
   FrameTransformMatrix {
1.000000,0.000000,0.000000,0.000000,
-0.000000,1.000000,-0.000000,0.000000,
-0.000000,-0.000000,1.000000,0.000000,
0.000000,1.230640,0.000000,1.000000;;
 }
Frame joint158 {
   FrameTransformMatrix {
-0.740035,0.672568,-0.000000,0.000000,
0.672568,0.740035,0.000000,0.000000,
0.000000,-0.000000,-1.000000,0.000000,
-0.000000,1.275232,0.000000,1.000000;;
 }
 }
 }
 }
 }
 }
 }
 }
Frame joint162 {
   FrameTransformMatrix {
-0.992335,0.123574,0.000000,0.000000,
-0.099347,-0.797789,0.594696,0.000000,
0.073489,0.590138,0.803950,0.000000,
-0.367789,-0.153254,0.404778,1.000000;;
 }
Frame joint163 {
   FrameTransformMatrix {
0.993271,-0.093105,0.068871,0.000000,
0.112709,0.913854,-0.390087,0.000000,
-0.026619,0.395225,0.918199,0.000000,
0.000000,0.346059,0.000000,1.000000;;
 }
Frame joint164 {
   FrameTransformMatrix {
0.990150,0.138471,-0.020695,0.000000,
-0.139647,0.966122,-0.217041,0.000000,
-0.010060,0.217794,0.975943,0.000000,
-0.000000,1.272457,-0.000000,1.000000;;
 }
Frame joint165 {
   FrameTransformMatrix {
0.976861,0.213876,-0.000000,0.000000,
-0.213876,0.976861,-0.000000,0.000000,
-0.000000,0.000000,1.000000,0.000000,
-0.000000,5.757019,-0.000000,1.000000;;
 }
Frame joint166 {
   FrameTransformMatrix {
-0.626410,-0.779494,0.000000,0.000000,
0.779494,-0.626410,0.000000,0.000000,
0.000000,0.000000,1.000000,0.000000,
-0.000000,6.530877,-0.000000,1.000000;;
 }
Frame joint167 {
   FrameTransformMatrix {
0.926148,0.377160,-0.000000,0.000000,
-0.377068,0.925923,0.022061,0.000000,
0.008321,-0.020432,0.999757,0.000000,
-0.000000,0.409130,0.000000,1.000000;;
 }
Frame joint168 {
   FrameTransformMatrix {
0.999998,0.001779,-0.000039,0.000000,
-0.001779,0.999998,0.000094,0.000000,
0.000039,-0.000094,1.000000,0.000000,
0.000026,2.347102,-0.057308,1.000000;;
 }
Frame joint169 {
   FrameTransformMatrix {
-0.000506,1.000000,0.000022,0.000000,
-0.998741,-0.000507,0.050162,0.000000,
0.050162,0.000004,0.998741,0.000000,
0.000023,2.518248,-0.052532,1.000000;;
 }
 }
 }
 }
Frame joint170 {
   FrameTransformMatrix {
0.672416,0.740173,0.000000,0.000000,
-0.739533,0.671834,0.041584,0.000000,
0.030780,-0.027962,0.999135,0.000000,
-0.189162,0.265062,0.000000,1.000000;;
 }
Frame joint171 {
   FrameTransformMatrix {
0.999998,0.001816,-0.000076,0.000000,
-0.001816,0.999998,0.000058,0.000000,
0.000076,-0.000058,1.000000,0.000000,
-0.000046,2.344104,-0.100222,1.000000;;
 }
Frame joint172 {
   FrameTransformMatrix {
-0.000484,1.000000,0.000021,0.000000,
-0.999363,-0.000485,0.035686,0.000000,
0.035686,-0.000004,0.999363,0.000000,
-0.000047,2.515149,-0.100222,1.000000;;
 }
 }
 }
 }
Frame joint173 {
   FrameTransformMatrix {
0.135494,0.990778,-0.000000,0.000000,
-0.989306,0.135293,0.054498,0.000000,
0.053996,-0.007384,0.998514,0.000000,
-0.268618,0.054306,-0.000000,1.000000;;
 }
Frame joint174 {
   FrameTransformMatrix {
0.999998,0.001777,-0.000097,0.000000,
-0.001777,0.999998,0.000012,0.000000,
0.000097,-0.000012,1.000000,0.000000,
-0.000173,2.342100,-0.114469,1.000000;;
 }
Frame joint175 {
   FrameTransformMatrix {
-0.000499,1.000000,0.000003,0.000000,
-0.999983,-0.000499,0.005869,0.000000,
0.005869,0.000000,0.999983,0.000000,
-0.000217,2.511518,-0.143087,1.000000;;
 }
 }
 }
 }
Frame joint176 {
   FrameTransformMatrix {
-0.345525,0.938410,-0.000000,0.000000,
-0.938410,-0.345525,0.000000,0.000000,
-0.000000,0.000000,1.000000,0.000000,
-0.164740,-0.219324,-0.000000,1.000000;;
 }
Frame joint177 {
   FrameTransformMatrix {
0.999998,0.001770,-0.000000,0.000000,
-0.001770,0.999998,0.000000,0.000000,
-0.000000,-0.000000,1.000000,0.000000,
-0.000000,2.348540,0.000000,1.000000;;
 }
Frame joint178 {
   FrameTransformMatrix {
-0.000507,1.000000,0.000000,0.000000,
-1.000000,-0.000507,0.000000,0.000000,
0.000000,0.000000,1.000000,0.000000,
-0.000000,2.519490,0.000000,1.000000;;
 }
 }
 }
 }
 }
Frame joint179 {
   FrameTransformMatrix {
-0.116456,-0.993196,0.000000,0.000000,
0.993196,-0.116456,0.000000,0.000000,
0.000000,0.000000,1.000000,0.000000,
0.218028,-0.008287,-0.000000,1.000000;;
 }
Frame joint180 {
   FrameTransformMatrix {
1.000000,0.000000,-0.000000,0.000000,
-0.000000,1.000000,0.000000,0.000000,
0.000000,-0.000000,1.000000,0.000000,
0.000000,1.230640,0.000000,1.000000;;
 }
Frame joint181 {
   FrameTransformMatrix {
-0.740035,-0.672568,0.000000,0.000000,
0.672568,-0.740035,-0.000000,0.000000,
0.000000,-0.000000,1.000000,0.000000,
0.000000,1.275232,0.000000,1.000000;;
 }
 }
 }
 }
 }
 }
 }
 }
 }
 }
 }
 }
 }
 }
Frame joint46 {
   FrameTransformMatrix {
-1.000000,0.000245,0.000345,0.000000,
-0.000245,-1.000000,-0.000000,0.000000,
0.000345,-0.000000,1.000000,0.000000,
-0.847553,0.000207,0.006419,1.000000;;
 }
Frame joint47 {
   FrameTransformMatrix {
1.000000,-0.000000,0.000000,0.000000,
-0.000000,1.000000,0.000000,0.000000,
-0.000000,0.000000,1.000000,0.000000,
1.000000,-0.000000,0.000000,1.000000;;
 }
Frame joint48 {
   FrameTransformMatrix {
1.000000,-0.000000,0.000000,0.000000,
-0.000000,1.000000,0.000000,0.000000,
-0.000000,0.000000,1.000000,0.000000,
1.000000,-0.000000,0.000000,1.000000;;
 }
Frame joint49 {
   FrameTransformMatrix {
1.000000,-0.000000,0.000000,0.000000,
-0.000000,1.000000,0.000000,0.000000,
-0.000000,0.000000,1.000000,0.000000,
1.000000,-0.000000,-0.000000,1.000000;;
 }
Frame joint50 {
   FrameTransformMatrix {
1.000000,-0.000000,0.000000,0.000000,
-0.000000,1.000000,0.000000,0.000000,
-0.000000,0.000000,1.000000,0.000000,
1.000000,-0.000000,0.000000,1.000000;;
 }
Frame joint51 {
   FrameTransformMatrix {
1.000000,-0.000000,0.000000,0.000000,
-0.000000,1.000000,0.000000,0.000000,
-0.000000,0.000000,1.000000,0.000000,
1.000000,-0.000000,-0.000000,1.000000;;
 }
Frame joint52 {
   FrameTransformMatrix {
1.000000,-0.000000,0.000000,0.000000,
-0.000000,1.000000,0.000000,0.000000,
-0.000000,0.000000,1.000000,0.000000,
1.000000,-0.000000,0.000000,1.000000;;
 }
Frame joint53 {
   FrameTransformMatrix {
1.000000,-0.000000,0.000000,0.000000,
-0.000000,1.000000,0.000000,0.000000,
-0.000000,0.000000,1.000000,0.000000,
1.000000,-0.000000,-0.000000,1.000000;;
 }
Frame joint54 {
   FrameTransformMatrix {
1.000000,-0.000000,0.000000,0.000000,
-0.000000,1.000000,0.000000,0.000000,
-0.000000,0.000000,1.000000,0.000000,
1.000000,-0.000000,0.000000,1.000000;;
 }
Frame joint55 {
   FrameTransformMatrix {
1.000000,-0.000000,0.000000,0.000000,
-0.000000,1.000000,0.000000,0.000000,
-0.000000,0.000000,1.000000,0.000000,
1.000000,-0.000000,-0.000000,1.000000;;
 }
Frame joint56 {
   FrameTransformMatrix {
1.000000,-0.000000,0.000000,0.000000,
-0.000000,1.000000,0.000000,0.000000,
-0.000000,0.000000,1.000000,0.000000,
1.000000,-0.000000,0.000000,1.000000;;
 }
Frame joint57 {
   FrameTransformMatrix {
1.000000,-0.000000,0.000000,0.000000,
-0.000000,1.000000,0.000000,0.000000,
-0.000000,0.000000,1.000000,0.000000,
1.000000,-0.000000,0.000000,1.000000;;
 }
Frame joint58 {
   FrameTransformMatrix {
1.000000,-0.000000,0.000000,0.000000,
-0.000000,1.000000,0.000000,0.000000,
-0.000000,0.000000,1.000000,0.000000,
1.000000,-0.000000,0.000000,1.000000;;
 }
Frame joint59 {
   FrameTransformMatrix {
1.000000,-0.000000,0.000000,0.000000,
-0.000000,1.000000,0.000000,0.000000,
-0.000000,0.000000,1.000000,0.000000,
1.000000,-0.000000,0.000000,1.000000;;
 }
 }
 }
 }
 }
 }
 }
 }
 }
 }
 }
 }
 }
 }
 }
Frame joint42 {
   FrameTransformMatrix {
0.584521,-0.000144,-0.811379,0.000000,
0.000244,1.000000,-0.000001,0.000000,
0.811379,-0.000197,0.584521,0.000000,
0.015028,-1.427551,0.003174,1.000000;;
 }
Frame joint43 {
   FrameTransformMatrix {
0.043410,0.000000,-0.999057,0.000000,
-0.000000,-1.000000,-0.000000,0.000000,
-0.999057,0.000000,-0.043410,0.000000,
1.561149,0.000000,0.270149,1.000000;;
 }
Frame joint44 {
   FrameTransformMatrix {
-0.238735,0.000000,-0.971085,0.000000,
-0.000000,-1.000000,-0.000000,0.000000,
-0.971085,0.000000,0.238735,0.000000,
1.880090,-0.000000,0.730298,1.000000;;
 }
Frame joint113 {
   FrameTransformMatrix {
0.000002,-1.000000,0.000000,0.000000,
0.789016,0.000001,0.614372,0.000000,
-0.614372,-0.000001,0.789016,0.000000,
1.789119,-0.000000,-0.177891,1.000000;;
 }
Frame joint45 {
   FrameTransformMatrix {
0.006470,0.999979,0.000000,0.000000,
-0.999979,0.006470,0.000000,0.000000,
0.000000,0.000000,1.000000,0.000000,
0.000000,0.343813,-0.082000,1.000000;;
 }
Frame joint117 {
   FrameTransformMatrix {
0.006470,-0.999979,0.000000,0.000000,
0.999979,0.006470,-0.000000,0.000000,
-0.000000,0.000000,1.000000,0.000000,
1.319870,0.000000,0.000000,1.000000;;
 }
 }
Frame joint39 {
   FrameTransformMatrix {
0.987165,0.159706,0.000000,0.000000,
-0.159706,0.987165,0.000000,0.000000,
-0.000000,0.000000,1.000000,0.000000,
0.249063,0.388211,-0.016099,1.000000;;
 }
Frame joint34117 {
   FrameTransformMatrix {
1.000000,-0.000000,0.000000,0.000000,
0.000000,1.000000,0.000000,0.000000,
0.000000,0.000000,1.000000,0.000000,
0.220570,0.005031,0.000000,1.000000;;
 }
Frame joint35118 {
   FrameTransformMatrix {
-0.000000,-1.000000,-0.000000,0.000000,
1.000000,-0.000000,0.000000,0.000000,
0.000000,0.000000,1.000000,0.000000,
0.188050,0.003836,-0.000000,1.000000;;
 }
 }
 }
 }
Frame joint40 {
   FrameTransformMatrix {
0.999979,0.006470,0.000000,0.000000,
-0.006470,0.999979,0.000000,0.000000,
-0.000000,0.000000,1.000000,0.000000,
0.376842,0.015467,-0.016099,1.000000;;
 }
Frame joint34120 {
   FrameTransformMatrix {
1.000000,0.000000,0.000000,0.000000,
-0.000000,1.000000,-0.000000,0.000000,
0.000000,0.000000,1.000000,0.000000,
0.313301,0.000000,-0.000000,1.000000;;
 }
Frame joint35121 {
   FrameTransformMatrix {
-0.000000,-1.000000,0.000000,0.000000,
1.000000,-0.000000,0.000000,0.000000,
0.000000,0.000000,1.000000,0.000000,
0.275801,0.000000,0.000000,1.000000;;
 }
 }
 }
 }
Frame joint41 {
   FrameTransformMatrix {
0.999979,0.006470,0.000000,0.000000,
-0.006470,0.999979,0.000000,0.000000,
-0.000000,0.000000,1.000000,0.000000,
0.250761,-0.368099,-0.016099,1.000000;;
 }
Frame joint34123 {
   FrameTransformMatrix {
1.000000,0.000000,0.000000,0.000000,
-0.000000,1.000000,-0.000000,0.000000,
0.000000,0.000000,1.000000,0.000000,
0.240776,0.000077,0.000000,1.000000;;
 }
Frame joint35124 {
   FrameTransformMatrix {
-0.000000,-1.000000,0.000000,0.000000,
1.000000,-0.000000,0.000000,0.000000,
0.000000,0.000000,1.000000,0.000000,
0.179393,-0.001609,0.000000,1.000000;;
 }
 }
 }
 }
 }
 }
 }
 }
 }
Frame joint97 {
   FrameTransformMatrix {
-0.000244,-1.000000,0.000001,0.000000,
0.714468,-0.000175,-0.699668,0.000000,
0.699668,-0.000170,0.714468,0.000000,
0.015031,1.427550,0.003178,1.000000;;
 }
Frame joint98 {
   FrameTransformMatrix {
-1.000000,0.000000,-0.000000,0.000000,
0.000000,-0.477993,-0.878364,0.000000,
-0.000000,-0.878364,0.477993,0.000000,
0.000000,1.584358,0.000000,1.000000;;
 }
Frame joint99 {
   FrameTransformMatrix {
-1.000000,0.000000,-0.000000,0.000000,
0.000000,-0.490270,-0.871571,0.000000,
-0.000000,-0.871571,0.490270,0.000000,
0.000000,2.016953,0.000000,1.000000;;
 }
Frame joint112 {
   FrameTransformMatrix {
0.004712,0.724504,0.689255,0.000000,
-0.999989,0.003413,0.003249,0.000000,
0.000001,-0.689263,0.724512,0.000000,
0.000000,1.797940,-0.000000,1.000000;;
 }
Frame joint100 {
   FrameTransformMatrix {
0.996223,-0.086828,0.000000,0.000000,
0.086828,0.996223,0.000000,0.000000,
0.000000,-0.000000,1.000000,0.000000,
0.343809,0.001620,-0.082000,1.000000;;
 }
Frame joint118 {
   FrameTransformMatrix {
0.604989,-0.796234,-0.000000,0.000000,
0.788488,0.599103,-0.139153,0.000000,
0.110798,0.084186,0.990271,0.000000,
1.323791,0.106865,-0.000000,1.000000;;
 }
 }
Frame joint104 {
   FrameTransformMatrix {
0.091520,-0.995803,0.000000,0.000000,
0.995803,0.091520,0.000000,0.000000,
0.000000,0.000000,1.000000,0.000000,
0.376548,0.021522,-0.016099,1.000000;;
 }
Frame joint105 {
   FrameTransformMatrix {
1.000000,-0.000000,0.000000,0.000000,
0.000000,1.000000,0.000000,0.000000,
0.000000,0.000000,1.000000,0.000000,
0.000000,0.313300,0.000000,1.000000;;
 }
Frame joint106 {
   FrameTransformMatrix {
1.000000,0.000000,-0.000000,0.000000,
0.000000,-1.000000,0.000000,0.000000,
-0.000000,-0.000000,-1.000000,0.000000,
-0.000000,0.275801,-0.000000,1.000000;;
 }
 }
 }
 }
Frame joint101 {
   FrameTransformMatrix {
0.280528,-0.959846,-0.000000,0.000000,
0.959846,0.280528,-0.000000,0.000000,
0.000000,0.000000,1.000000,0.000000,
0.213499,0.390890,-0.016099,1.000000;;
 }
Frame joint102 {
   FrameTransformMatrix {
0.999957,0.009232,0.000000,0.000000,
-0.009232,0.999957,0.000000,0.000000,
0.000000,-0.000000,1.000000,0.000000,
0.000000,0.240776,0.000000,1.000000;;
 }
Frame joint103 {
   FrameTransformMatrix {
0.999960,-0.008951,-0.000000,0.000000,
-0.008951,-0.999960,-0.000000,0.000000,
-0.000000,0.000000,-1.000000,0.000000,
-0.000000,0.179399,0.000000,1.000000;;
 }
 }
 }
 }
Frame joint107 {
   FrameTransformMatrix {
-0.084977,-0.996383,-0.000000,0.000000,
0.996383,-0.084977,-0.000000,0.000000,
-0.000000,-0.000000,1.000000,0.000000,
0.285892,-0.361944,-0.016099,1.000000;;
 }
Frame joint108 {
   FrameTransformMatrix {
0.999997,0.002419,-0.000000,0.000000,
-0.002419,0.999997,-0.000000,0.000000,
-0.000000,0.000000,1.000000,0.000000,
-0.000000,0.220637,0.000000,1.000000;;
 }
Frame joint109 {
   FrameTransformMatrix {
0.999792,0.020385,0.000000,0.000000,
0.020385,-0.999792,0.000000,0.000000,
0.000000,-0.000000,-1.000000,0.000000,
0.000000,0.188084,-0.000000,1.000000;;
 }
 }
 }
 }
 }
 }
 }
 }
 }
 }
 }
 }
 }
 }
 }
Frame untouchable2 {
   FrameTransformMatrix {
1.000000,0.000000,0.000000,0.000000,
0.000000,1.000000,-0.000000,0.000000,
0.000000,0.000000,1.000000,0.000000,
0.000000,0.000000,0.000000,1.000000;;
 }
Frame polySurface84 {
   FrameTransformMatrix {
1.000000,0.000000,0.000000,0.000000,
0.000000,1.000000,-0.000000,0.000000,
0.000000,0.000000,1.000000,0.000000,
0.000000,0.000000,0.000000,1.000000;;
 }
Mesh polySurface84142 {
 66;
1.133721;4.122402;0.142861;,
1.152401;4.122401;0.161540;,
1.121728;4.122401;0.119323;,
1.175938;4.122401;0.173533;,
1.117596;4.122401;0.093231;,
1.202030;4.122401;0.177666;,
1.121728;4.122401;0.067140;,
1.133721;4.122401;0.043602;,
1.228122;4.122401;0.173533;,
1.251660;4.122401;0.161540;,
1.152401;4.122401;0.024922;,
1.175938;4.122401;0.012929;,
1.270339;4.122401;0.142861;,
1.202030;4.122401;0.008797;,
1.282332;4.122401;0.119323;,
1.228122;4.122401;0.012929;,
1.286465;4.122401;0.093231;,
1.251660;4.122401;0.024922;,
1.282332;4.122402;0.067140;,
1.270339;4.122401;0.043602;,
1.282332;4.122401;0.119323;,
1.270339;4.122401;0.142861;,
1.202030;4.291270;0.093231;,
1.251660;4.122401;0.161540;,
1.228122;4.122401;0.173533;,
1.202030;4.122401;0.177666;,
1.175938;4.122401;0.173533;,
1.152401;4.122401;0.161540;,
1.133721;4.122402;0.142861;,
1.121728;4.122401;0.119323;,
1.117596;4.122401;0.093231;,
1.121728;4.122401;0.067140;,
1.133721;4.122401;0.043602;,
1.152401;4.122401;0.024922;,
1.175938;4.122401;0.012929;,
1.202030;4.122401;0.008797;,
1.228122;4.122401;0.012929;,
1.251660;4.122401;0.024922;,
1.270339;4.122401;0.043602;,
1.282332;4.122402;0.067140;,
1.286465;4.122401;0.093231;,
1.282332;4.122401;0.119323;,
1.111439;4.128412;-0.000188;,
1.298826;4.128412;0.187266;,
1.111439;4.128412;0.187266;,
1.298826;4.128412;-0.000188;,
1.111439;4.128412;0.187266;,
1.298826;3.941025;0.187266;,
1.111439;3.941025;0.187266;,
1.298826;4.128412;0.187266;,
1.111439;3.941025;0.187266;,
1.298826;3.941025;-0.000188;,
1.111439;3.941025;-0.000188;,
1.298826;3.941025;0.187266;,
1.111439;3.941025;-0.000188;,
1.298826;4.128412;-0.000188;,
1.111439;4.128412;-0.000188;,
1.298826;3.941025;-0.000188;,
1.298826;4.128412;-0.000188;,
1.298826;3.941025;0.187266;,
1.298826;4.128412;0.187266;,
1.298826;3.941025;-0.000188;,
1.111439;3.941025;-0.000188;,
1.111439;4.128412;0.187266;,
1.111439;3.941025;0.187266;,
1.111439;4.128412;-0.000188;;

 50;
3;2,1,0;,
3;1,2,3;,
3;2,4,3;,
3;3,4,5;,
3;4,6,5;,
3;7,5,6;,
3;5,7,8;,
3;8,7,9;,
3;7,10,9;,
3;11,9,10;,
3;9,11,12;,
3;13,12,11;,
3;12,13,14;,
3;15,14,13;,
3;14,15,16;,
3;17,16,15;,
3;16,17,18;,
3;18,17,19;,
3;22,21,20;,
3;22,23,21;,
3;22,24,23;,
3;22,25,24;,
3;22,26,25;,
3;22,27,26;,
3;22,28,27;,
3;22,29,28;,
3;22,30,29;,
3;22,31,30;,
3;22,32,31;,
3;22,33,32;,
3;22,34,33;,
3;22,35,34;,
3;22,36,35;,
3;22,37,36;,
3;22,38,37;,
3;22,39,38;,
3;22,40,39;,
3;22,41,40;,
3;44,43,42;,
3;43,45,42;,
3;48,47,46;,
3;47,49,46;,
3;52,51,50;,
3;51,53,50;,
3;56,55,54;,
3;55,57,54;,
3;60,59,58;,
3;59,61,58;,
3;64,63,62;,
3;63,65,62;;
MeshMaterialList {
 1;
 50;
  0,
  0,
  0,
  0,
  0,
  0,
  0,
  0,
  0,
  0,
  0,
  0,
  0,
  0,
  0,
  0,
  0,
  0,
  0,
  0,
  0,
  0,
  0,
  0,
  0,
  0,
  0,
  0,
  0,
  0,
  0,
  0,
  0,
  0,
  0,
  0,
  0,
  0,
  0,
  0,
  0,
  0,
  0,
  0,
  0,
  0,
  0,
  0,
  0,
  0;;
Material lambert2 {
 0.275200;0.248000;0.196800;1.000000;;
8.000000;
 0.000000;0.000000;0.000000;;
 0.000000;0.000000;0.000000;;
 }
}
XSkinMeshHeader {
 1;
 3;
 1;
}

  SkinWeights {
   "joint34";
   66;
   0,
   1,
   2,
   3,
   4,
   5,
   6,
   7,
   8,
   9,
   10,
   11,
   12,
   13,
   14,
   15,
   16,
   17,
   18,
   19,
   20,
   21,
   22,
   23,
   24,
   25,
   26,
   27,
   28,
   29,
   30,
   31,
   32,
   33,
   34,
   35,
   36,
   37,
   38,
   39,
   40,
   41,
   42,
   43,
   44,
   45,
   46,
   47,
   48,
   49,
   50,
   51,
   52,
   53,
   54,
   55,
   56,
   57,
   58,
   59,
   60,
   61,
   62,
   63,
   64,
   65;
   1.000000,
   1.000000,
   1.000000,
   1.000000,
   1.000000,
   1.000000,
   1.000000,
   1.000000,
   1.000000,
   1.000000,
   1.000000,
   1.000000,
   1.000000,
   1.000000,
   1.000000,
   1.000000,
   1.000000,
   1.000000,
   1.000000,
   1.000000,
   1.000000,
   1.000000,
   1.000000,
   1.000000,
   1.000000,
   1.000000,
   1.000000,
   1.000000,
   1.000000,
   1.000000,
   1.000000,
   1.000000,
   1.000000,
   1.000000,
   1.000000,
   1.000000,
   1.000000,
   1.000000,
   1.000000,
   1.000000,
   1.000000,
   1.000000,
   1.000000,
   1.000000,
   1.000000,
   1.000000,
   1.000000,
   1.000000,
   1.000000,
   1.000000,
   1.000000,
   1.000000,
   1.000000,
   1.000000,
   1.000000,
   1.000000,
   1.000000,
   1.000000,
   1.000000,
   1.000000,
   1.000000,
   1.000000,
   1.000000,
   1.000000,
   1.000000,
   1.000000;
   -0.011238,-0.999912,-0.007037,0.000000,0.999934,-0.011254,0.002226,0.000000,-0.002305,-0.007011,0.999973,0.000000,-3.842847,1.235637,-0.089560,1.000000;;
  }

 MeshNormals {
 66;
0.000001;-1.000000;0.000000;,
0.000001;-1.000000;0.000000;,
0.000001;-1.000000;0.000000;,
0.000001;-1.000000;0.000000;,
0.000001;-1.000000;0.000000;,
0.000001;-1.000000;0.000000;,
0.000001;-1.000000;0.000000;,
0.000001;-1.000000;0.000000;,
0.000001;-1.000000;0.000000;,
0.000001;-1.000000;0.000000;,
0.000001;-1.000000;0.000000;,
0.000001;-1.000000;0.000000;,
0.000001;-1.000000;0.000000;,
0.000001;-1.000000;0.000000;,
0.000001;-1.000000;0.000000;,
0.000001;-1.000000;0.000000;,
0.000001;-1.000000;0.000000;,
0.000001;-1.000000;0.000000;,
0.000001;-1.000000;0.000000;,
0.000001;-1.000000;0.000000;,
0.850650;0.447214;0.276395;,
0.723607;0.447213;0.525732;,
0.000001;1.000000;-0.000002;,
0.525733;0.447214;0.723605;,
0.276393;0.447215;0.850650;,
0.000000;0.447214;0.894427;,
-0.276392;0.447214;0.850651;,
-0.525730;0.447214;0.723607;,
-0.723607;0.447216;0.525729;,
-0.850651;0.447214;0.276390;,
-0.894427;0.447213;0.000000;,
-0.850650;0.447214;-0.276395;,
-0.723603;0.447214;-0.525736;,
-0.525729;0.447214;-0.723608;,
-0.276394;0.447215;-0.850650;,
0.000001;0.447213;-0.894427;,
0.276393;0.447214;-0.850650;,
0.525731;0.447214;-0.723606;,
0.723605;0.447213;-0.525734;,
0.850650;0.447213;-0.276395;,
0.894428;0.447212;0.000000;,
0.850650;0.447214;0.276395;,
0.000000;1.000000;0.000000;,
0.000000;1.000000;0.000000;,
0.000000;1.000000;0.000000;,
0.000000;1.000000;0.000000;,
0.000000;0.000000;1.000000;,
0.000000;0.000000;1.000000;,
0.000000;0.000000;1.000000;,
0.000000;0.000000;1.000000;,
0.000000;-1.000000;0.000000;,
0.000000;-1.000000;0.000000;,
0.000000;-1.000000;0.000000;,
0.000000;-1.000000;0.000000;,
0.000000;-0.000000;-1.000000;,
0.000000;-0.000000;-1.000000;,
0.000000;-0.000000;-1.000000;,
0.000000;-0.000000;-1.000000;,
1.000000;0.000000;0.000000;,
1.000000;0.000000;0.000000;,
1.000000;0.000000;0.000000;,
1.000000;0.000000;0.000000;,
-1.000000;0.000000;0.000000;,
-1.000000;0.000000;0.000000;,
-1.000000;0.000000;0.000000;,
-1.000000;0.000000;0.000000;;

 50;
3;2,1,0;,
3;1,2,3;,
3;2,4,3;,
3;3,4,5;,
3;4,6,5;,
3;7,5,6;,
3;5,7,8;,
3;8,7,9;,
3;7,10,9;,
3;11,9,10;,
3;9,11,12;,
3;13,12,11;,
3;12,13,14;,
